45 6C 20 73 69 73 74 65 6D 61 20 6F 70 65 72 61 74 69 76 6F 20 65 73 20 75 6E 20 70 72 6F 67 72 61 6D 61 20 63 6F 6E 
63 65 62 69 64 6F 20 70 61 72 61 20 74 72 61 74 61 72 20 63 6F 6E 20 6C 6F 73 20 63 6F 6D 70 6F 6E 65 6E 74 65 73 20 
70 72 69 6E 63 69 70 61 6C 65 73 20 65 6E 20 65 6C 20 66 75 6E 63 69 6F 6E 61 6D 69 65 6E 74 6F 20 64 65 20 75 6E 20 
0A 73 69 73 74 65 6D 61 20 69 6E 66 6F 72 6D E1 74 69 63 6F 2C 20 63 6F 6D 6F 20 65 78 70 65 64 69 72 20 63 6F 6D 61 
6E 64 6F 73 20 61 20 6C 6F 73 20 64 69 66 65 72 65 6E 74 65 73 20 64 69 73 70 6F 73 69 74 69 76 6F 73 20 64 65 20 68 
61 72 64 77 61 72 65 20 79 20 61 73 69 67 6E 61 72 20 6C 6F 73 20 72 65 63 75 72 73 6F 73 20 64 65 6C 20 0A 73 69 73 
74 65 6D 61 2C 20 63 6F 6D 6F 20 6C 61 20 6D 65 6D 6F 72 69 61 20 70 72 69 6E 63 69 70 61 6C 2C 20 61 20 6C 61 73 20 
64 69 66 65 72 65 6E 74 65 73 20 61 70 6C 69 63 61 63 69 6F 6E 65 73 20 71 75 65 20 73 65 20 65 6A 65 63 75 74 61 6E 
2E 0A 45 73 20 75 6E 20 73 6F 66 74 77 61 72 65 20 71 75 65 20 73 65 20 72 65 71 75 69 65 72 65 20 70 61 72 61 20 65 
6A 65 63 75 74 61 72 20 74 6F 64 6F 73 20 6C 6F 73 20 70 72 6F 67 72 61 6D 61 73 20 64 65 20 61 70 6C 69 63 61 63 69 
F3 6E 20 79 20 72 75 74 69 6E 61 73 20 64 65 20 75 74 69 6C 69 64 61 64 65 73 2E 20 41 64 65 6D E1 73 2C 20 0A 66 75 
6E 63 69 6F 6E 61 20 63 6F 6D 6F 20 75 6E 20 70 75 65 6E 74 65 20 70 61 72 61 20 70 6F 64 65 72 20 72 65 61 6C 69 7A 
61 72 20 75 6E 61 20 6D 65 6A 6F 72 20 69 6E 74 65 72 61 63 63 69 F3 6E 20 65 6E 74 72 65 20 6C 6F 73 20 70 72 6F 67 
72 61 6D 61 73 20 64 65 20 61 70 6C 69 63 61 63 69 F3 6E 20 79 20 65 6C 20 68 61 72 64 77 61 72 65 20 64 65 20 0A 6C 
61 20 63 6F 6D 70 75 74 61 64 6F 72 61 2E